103.4             30        0.3242                         0.2844            
103.4             40        0.5901                         0.4577                                        
103.4             50        0.6570                         0.5341                       
103.4             60        0.4881                         0.2943                    
103.4             70        0.6487			   0.4764
103.4             80        0.6972                         0.5870               
103.4             90        0.7661                         0.6196
165.1        20        0.5701                         0.3781
165.1           30        0.5972                         0.3631
165.1           40        0.6895                         0.4715
165.1           50        0.8865                         0.7820
165.1           60        0.9850                         0.9654           
165.1           70        0.8865                         0.7673
165.1           80        0.8907                         0.7587
165.1           90        0.9399                         0.8499
215.1        20        0.8459                         0.7386
215.1           30        0.9629   0.9309
215.1           40        0.9557                         0.8902
215.1           50        0.9711                         0.9236
215.1           60        0.9630   0.9168
215.1           70        0.9630   0.8885
215.1           80        0.9711                         0.9197
215.1           90        0.9813                         0.9435








