103.4	30		0.515788	0.470486
103.4	40		0.535911	0.468586
103.4	50		0.571439	0.475728
103.4	60		0.762345	0.655829
103.4	70		0.816572	0.743057
103.4	80	 	0.628157	0.493755
103.4	90		0.762355	0.652346
165.1	20		0.791662	0.739375
165.1	30		0.499837	0.298833
165.1	40		0.571341	0.361833
165.1	50	 	0.482017	0.15991
165.1	60		0.786832	0.548877
165.1	70		0.823184	0.592756
165.1	80	 	0.755125	0.551399
165.1	90		0.822694	0.636549
215.1	20		0.712597	0.539011
215.1	30		0.565733	0.200022
215.1	40		0.71283		0.401176
215.1	50		0.794541	0.55686
215.1	60		0.794604	0.479645
215.1	70		0.794598	0.471102
215.1	80		0.855898	0.627915
215.1	90		0.84116		0.524055
